train_net: "./exp/BaseLine/train.prototxt"
base_lr: 0.00019999999494757503
display: 50
max_iter: 296960
lr_policy: "step"
gamma: 0.800000011920929
momentum: 0.8999999761581421
weight_decay: 9.999999747378752e-05
stepsize: 27840
snapshot: 1856
snapshot_prefix: "./exp/BaseLine/pp"
solver_mode: GPU
random_seed: 0
debug_info: false
solver_type: ADAM
test_initialization: false
iter_size: 2
momentum2: 0.9990000128746033
